99876321239890124987653234678921012965465445698985
98765410198789235699894135689439199854354336987674
99976321239698946978989546796598989763210129876543
98765432998587899869878957897987778954321234995432
99876549867456989656567899999876654899932349876541
87987698754359878543458989998965543768893599987632
76598799763298765432369878987894312856789989896543
85429899832129876210129767876789201245699876789654
76210956993456965321398654545679212345798785689968
98732345987668976432398743236589437656897664677899
87543456798979996544987652147458958767996543235678
98674567949989987655799861012367899898989652123567
98785878934996498778998743623456789969678969012345
19896989129875329889987654536567897654567898923458
01987891098764312995698987645679976743679987994567
32398989129875101234569298786989765432398956989678
43479878934974212346792199897899976321987549878989
59569768965965623456789989998999895452498434767897
98979857899896745668899878769998789679989323456789
87898745789789656779999764356987698798878212345699
76987656895699897889598654249876589987865401256896
65498767934589998997699765198765478976543212347895
65329878926678979799987521019876367898954323458954
54212989434569763678989432123965456799965434567893
73101296575678954569876545349876577899877865678954
54232987986789765699988655456987989998998976789895
65345698998899876789998766587898999987899987898789
78656899329978989899899878698959789876898998997659
89787987434567896998765989789545679965467899987546
99899876565678965679854599995434567892356789548435
54989987676899954997673459876526789901235678932323
75678998789997899876532376998645694322346789521016
86799979899986598988721234569656789456757898432128
97989868999876457999610125998769896567898976543467
99878457899865329876521434899878989678909299654679
98765345678994312987432356789989878989219198999789
99894236889876323496543469892398767894398987878999
98989125678986537597654589901987656789987756567899
67878934799996545698765693219976545678986645456799
56767895989987656789876789998765434569875432345678
45656789767898987999988897899854323678989945789789
34345695456789998998799956999543212389899876899890
21236789345678999998656349898765533456789989976921
30897991234567893987543239789878654677894399875439
45789432397689992993210198679989765678993212986598
76789543989789989789349987598999899899789301298987
87897669878999878698998765487899998965678912349994
98998998967898767567799654346789987654589323498943
19569987656999854375678961235789986543496934987891
23456796549876543234567890126678976532345899876789