998763212398901249876532
987654101987892356998941
999763212396989469789895
987654329985878998698789
998765498674569896565678
879876987543598785434589
765987997632987654323698
854298998321298762101297
762109569934569653213986
987323459876689764323987
875434567989799965449876
986745679499899876557998
987858789349964987789987
198969891298753298899876
019878910987643129956989
323989891298751012345692
434798789349742123467921
595697689659656234567899
989798578998967456688998
878987457897896567799997
769876568956998978895986
654987679345899989976997
653298789266789797999875
542129894345697636789894
731012965756789545698765